0.0044790697
0.0007574136
0.0006378603
0.00056932034
0.00050181244
0.00049813587
0.0004351973
0.00045027686
0.00044569917
0.00040107634
0.00038394186
0.0004022174
0.00034243628
0.00037944355
0.00034327892
0.00031363836
0.0003259167
0.0003338449
0.00029944282
0.00028074026
0.000289028
0.00029471924
0.0002802832
0.000291361
0.00028157327
0.0002907476
0.0002899018
0.00029254504
0.0002870519
0.00028153323
0.00027405014
0.0002814632
0.00029614836
0.00027185914
0.00026006126
0.00025897502
0.00027110142
0.00027275813
0.00025744629
0.00024294571
0.00023794881
0.00026009505
0.00023332576
0.00023644055
0.00022867764
0.00023433958
